13.0 16.0
20.0 15.0
28.0 15.0
37.0 19.0
26.0 20.0
23.0 27.0
23.0 35.0
22.0 43.0
13.0 48.0
22.0 47.0
31.0 47.0
72.0 23.0
72.0 30.0
71.0 35.0
70.0 45.0
69.0 52.0
73.0 53.0
77.0 53.0
84.0 52.0
93.0 51.0
124.0 24.0
118.0 27.0
112.0 36.0
113.0 45.0
117.0 50.0
126.0 53.0
141.0 53.0
144.0 48.0
149.0 38.0
150.0 29.0
143.0 24.0
134.0 24.0
135.0 52.0
172.0 25.0
176.0 34.0
180.0 43.0
182.0 47.0
186.0 52.0
192.0 53.0
196.0 46.0
204.0 37.0
206.0 31.0
209.0 25.0
230.0 26.0
230.0 35.0
230.0 43.0
229.0 49.0
229.0 56.0
236.0 25.0
241.0 24.0
251.0 24.0
261.0 26.0
233.0 55.0
241.0 54.0
250.0 54.0
259.0 54.0
238.0 39.0
246.0 39.0
254.0 40.0
46.0 81.0
38.0 81.0
29.0 84.0
24.0 91.0
26.0 104.0
32.0 108.0
40.0 111.0
47.0 110.0
91.0 85.0
82.0 82.0
71.0 83.0
69.0 93.0
69.0 98.0
78.0 99.0
87.0 101.0
91.0 104.0
87.0 110.0
76.0 113.0
71.0 113.0
131.0 86.0
121.0 85.0
112.0 84.0
107.0 92.0
107.0 101.0
108.0 107.0
113.0 114.0
118.0 114.0
126.0 111.0
132.0 109.0
99.0 138.0
106.0 136.0
115.0 135.0
118.0 141.0
115.0 150.0
107.0 156.0
102.0 158.0
98.0 160.0
102.0 165.0
112.0 165.0
122.0 166.0
145.0 135.0
143.0 144.0
141.0 150.0
141.0 157.0
148.0 155.0
159.0 151.0
167.0 154.0
166.0 163.0
160.0 170.0
156.0 173.0
149.0 172.0
149.0 130.0
157.0 130.0
164.0 130.0
191.0 133.0
190.0 141.0
186.0 148.0
184.0 156.0
190.0 159.0
199.0 157.0
208.0 157.0
219.0 158.0
207.0 132.0
206.0 144.0
207.0 152.0
207.0 160.0
206.0 167.0
205.0 173.0
205.0 178.0
226.0 158.0
261.0 134.0
256.0 133.0
245.0 133.0
243.0 145.0
243.0 156.0
251.0 158.0
260.0 158.0
271.0 152.0
273.0 141.0
271.0 132.0
263.0 132.0
271.0 151.0
264.0 166.0
258.0 172.0
254.0 179.0
244.0 185.0
235.0 189.0